                (a) DIAGONAL WITHIN-CHILD COVARIANCE MATRIX R_i                1
                  WITH CONSTANT VARIANCE SAME FOR EACH GENDER
                         SAME D MATRIX FOR BOTH GENDERS

                              The Mixed Procedure

                               Model Information

             Data Set                     WORK.DENT1               
             Dependent Variable           distance                 
             Covariance Structure         Unstructured             
             Subject Effect               child                    
             Estimation Method            ML                       
             Residual Variance Method     Profile                  
             Fixed Effects SE Method      Model-Based              
             Degrees of Freedom Method    Containment              


                            Class Level Information
 
               Class     Levels    Values

               gender         2    0 1                           
               child         27    1 2 3 4 5 6 7 8 9 10 11 12 13 
                                   14 15 16 17 18 19 20 21 22 23 
                                   24 25 26 27                   


                                  Dimensions

                      Covariance Parameters             4
                      Columns in X                      4
                      Columns in Z per Subject          2
                      Subjects                         27
                      Max Obs per Subject               4


                            Number of Observations

                  Number of Observations Read             108
                  Number of Observations Used             108
                  Number of Observations Not Used           0


                               Iteration History
 
          Iteration    Evaluations        -2 Log Like       Criterion

                  0              1       478.24175986                
                  1              1       427.80595080      0.00000000


                           Convergence criteria met.                    


                (a) DIAGONAL WITHIN-CHILD COVARIANCE MATRIX R_i                2
                  WITH CONSTANT VARIANCE SAME FOR EACH GENDER
                         SAME D MATRIX FOR BOTH GENDERS

                              The Mixed Procedure

                               Estimated G Matrix
 
                Row    Effect       child        Col1        Col2

                  1    Intercept     1         4.5569     -0.1983
                  2    age           1        -0.1983     0.02376


                         Estimated G Correlation Matrix
 
                Row    Effect       child        Col1        Col2

                  1    Intercept     1         1.0000     -0.6025
                  2    age           1        -0.6025      1.0000


                         Estimated V Matrix for child 1
 
               Row        Col1        Col2        Col3        Col4

                 1      4.6216      2.8891      2.8727      2.8563
                 2      2.8891      4.6839      3.0464      3.1251
                 3      2.8727      3.0464      4.9363      3.3938
                 4      2.8563      3.1251      3.3938      5.3788


                   Estimated V Correlation Matrix for child 1
 
               Row        Col1        Col2        Col3        Col4

                 1      1.0000      0.6209      0.6014      0.5729
                 2      0.6209      1.0000      0.6335      0.6226
                 3      0.6014      0.6335      1.0000      0.6586
                 4      0.5729      0.6226      0.6586      1.0000


                         Covariance Parameter Estimates
 
                        Cov Parm     Subject    Estimate

                        UN(1,1)      child        4.5569
                        UN(2,1)      child       -0.1983
                        UN(2,2)      child       0.02376
                        Residual                  1.7162


                                Fit Statistics

                     -2 Log Likelihood               427.8
                     AIC (Smaller is Better)         443.8
                     AICC (Smaller is Better)        445.3
                     BIC (Smaller is Better)         454.2
                (a) DIAGONAL WITHIN-CHILD COVARIANCE MATRIX R_i                3
                  WITH CONSTANT VARIANCE SAME FOR EACH GENDER
                         SAME D MATRIX FOR BOTH GENDERS

                              The Mixed Procedure

                        Null Model Likelihood Ratio Test
 
                          DF    Chi-Square      Pr > ChiSq

                           3         50.44          <.0001


                          Solution for Fixed Effects
 
                                      Standard
  Effect        gender    Estimate       Error      DF    t Value    Pr > |t|

  gender        0          17.3727      1.1820      54      14.70      <.0001
  gender        1          16.3406      0.9801      54      16.67      <.0001
  age*gender    0           0.4795     0.09980      54       4.80      <.0001
  age*gender    1           0.7844     0.08275      54       9.48      <.0001


                         Type 3 Tests of Fixed Effects
 
                               Num     Den
                Effect          DF      DF    F Value    Pr > F

                gender           2      54     247.00    <.0001
                age*gender       2      54      56.46    <.0001


                                   Estimates
 
                                     Standard
   Label                 Estimate       Error      DF    t Value    Pr > |t|

   diff in mean slope     -0.3048      0.1296      54      -2.35      0.0224


                                   Contrasts
 
                       Num    Den
Label                   DF     DF   Chi-Square   F Value     Pr > ChiSq   Pr > F

overall gender diff      2     54        14.19      7.10         0.0008   0.0018
                (b) DIAGONAL WITHIN-CHILD COVARIANCE MATRIX R_i                4
                WITH SEPARATE CONSTANT VARIANCE FOR EACH GENDER
                         SAME D MATRIX FOR BOTH GENDERS

                              The Mixed Procedure

                               Model Information

             Data Set                     WORK.DENT1               
             Dependent Variable           distance                 
             Covariance Structures        Unstructured, Variance   
                                          Components               
             Subject Effects              child, child             
             Group Effect                 gender                   
             Estimation Method            ML                       
             Residual Variance Method     None                     
             Fixed Effects SE Method      Model-Based              
             Degrees of Freedom Method    Containment              


                            Class Level Information
 
               Class     Levels    Values

               child         27    1 2 3 4 5 6 7 8 9 10 11 12 13 
                                   14 15 16 17 18 19 20 21 22 23 
                                   24 25 26 27                   
               gender         2    0 1                           


                                  Dimensions

                      Covariance Parameters             5
                      Columns in X                      4
                      Columns in Z per Subject          2
                      Subjects                         27
                      Max Obs per Subject               4


                            Number of Observations

                  Number of Observations Read             108
                  Number of Observations Used             108
                  Number of Observations Not Used           0


                               Iteration History
 
          Iteration    Evaluations        -2 Log Like       Criterion

                  0              1       478.24175986                
                  1              2       418.92503842      1.16632499
                  2              1       416.18869903      1.23326209
                  3              1       407.89638533      0.01954268
                  4              2       406.88264563      0.00645800
                  5              1       406.10632159      0.00056866
                  6              1       406.04318997      0.00000764
                  7              1       406.04238894      0.00000000
                (b) DIAGONAL WITHIN-CHILD COVARIANCE MATRIX R_i                5
                WITH SEPARATE CONSTANT VARIANCE FOR EACH GENDER
                         SAME D MATRIX FOR BOTH GENDERS

                              The Mixed Procedure

                           Convergence criteria met.                    


                               Estimated G Matrix
 
                Row    Effect       child        Col1        Col2

                  1    Intercept     1         3.1978     -0.1103
                  2    age           1        -0.1103     0.01976


                         Estimated G Correlation Matrix
 
                Row    Effect       child        Col1        Col2

                  1    Intercept     1         1.0000     -0.4388
                  2    age           1        -0.4388      1.0000


                         Estimated V Matrix for child 1
 
               Row        Col1        Col2        Col3        Col4

                 1      3.1426      2.7933      2.8889      2.9845
                 2      2.7933      3.4128      3.1426      3.3172
                 3      2.8889      3.1426      3.8411      3.6499
                 4      2.9845      3.3172      3.6499      4.4275


                   Estimated V Correlation Matrix for child 1
 
               Row        Col1        Col2        Col3        Col4

                 1      1.0000      0.8529      0.8315      0.8001
                 2      0.8529      1.0000      0.8680      0.8534
                 3      0.8315      0.8680      1.0000      0.8851
                 4      0.8001      0.8534      0.8851      1.0000


                         Estimated V Matrix for child 12
 
               Row        Col1        Col2        Col3        Col4

                 1      5.3271      2.7933      2.8889      2.9845
                 2      2.7933      5.5973      3.1426      3.3172
                 3      2.8889      3.1426      6.0256      3.6499
                 4      2.9845      3.3172      3.6499      6.6120


                (b) DIAGONAL WITHIN-CHILD COVARIANCE MATRIX R_i                6
                WITH SEPARATE CONSTANT VARIANCE FOR EACH GENDER
                         SAME D MATRIX FOR BOTH GENDERS

                              The Mixed Procedure

                   Estimated V Correlation Matrix for child 12
 
               Row        Col1        Col2        Col3        Col4

                 1      1.0000      0.5115      0.5099      0.5029
                 2      0.5115      1.0000      0.5411      0.5453
                 3      0.5099      0.5411      1.0000      0.5782
                 4      0.5029      0.5453      0.5782      1.0000


                         Covariance Parameter Estimates
 
                  Cov Parm     Subject    Group       Estimate

                  UN(1,1)      child                    3.1978
                  UN(2,1)      child                   -0.1103
                  UN(2,2)      child                   0.01976
                  Residual     child      gender 0      0.4449
                  Residual     child      gender 1      2.6294


                                Fit Statistics

                     -2 Log Likelihood               406.0
                     AIC (Smaller is Better)         424.0
                     AICC (Smaller is Better)        425.9
                     BIC (Smaller is Better)         435.7


                        Null Model Likelihood Ratio Test
 
                          DF    Chi-Square      Pr > ChiSq

                           4         72.20          <.0001


                          Solution for Fixed Effects
 
                                      Standard
  Effect        gender    Estimate       Error      DF    t Value    Pr > |t|

  gender        0          17.3727      0.7386      54      23.52      <.0001
  gender        1          16.3406      1.1114      54      14.70      <.0001
  age*gender    0           0.4795     0.06180      54       7.76      <.0001
  age*gender    1           0.7844     0.09722      54       8.07      <.0001


                (b) DIAGONAL WITHIN-CHILD COVARIANCE MATRIX R_i                7
                WITH SEPARATE CONSTANT VARIANCE FOR EACH GENDER
                         SAME D MATRIX FOR BOTH GENDERS

                              The Mixed Procedure

                         Type 3 Tests of Fixed Effects
 
                               Num     Den
                Effect          DF      DF    F Value    Pr > F

                gender           2      54     384.72    <.0001
                age*gender       2      54      62.66    <.0001


                                   Estimates
 
                                     Standard
   Label                 Estimate       Error      DF    t Value    Pr > |t|

   diff in mean slope     -0.3048      0.1152      54      -2.65      0.0106


                                   Contrasts
 
                       Num    Den
Label                   DF     DF   Chi-Square   F Value     Pr > ChiSq   Pr > F

overall gender diff      2     54        14.32      7.16         0.0008   0.0017
                (c) DIAGONAL WITHIN-CHILD COVARIANCE MATRIX R_i                8
                WITH SEPARATE CONSTANT VARIANCE FOR EACH GENDER
                      DIFFERENT D MATRIX FOR BOTH GENDERS

                              The Mixed Procedure

                               Model Information

             Data Set                     WORK.DENT1               
             Dependent Variable           distance                 
             Covariance Structures        Unstructured, Variance   
                                          Components               
             Subject Effects              child, child             
             Group Effects                gender, gender           
             Estimation Method            ML                       
             Residual Variance Method     None                     
             Fixed Effects SE Method      Model-Based              
             Degrees of Freedom Method    Containment              


                            Class Level Information
 
               Class     Levels    Values

               child         27    1 2 3 4 5 6 7 8 9 10 11 12 13 
                                   14 15 16 17 18 19 20 21 22 23 
                                   24 25 26 27                   
               gender         2    0 1                           


                                  Dimensions

                      Covariance Parameters             8
                      Columns in X                      4
                      Columns in Z per Subject          4
                      Subjects                         27
                      Max Obs per Subject               4


                            Number of Observations

                  Number of Observations Read             108
                  Number of Observations Used             108
                  Number of Observations Not Used           0


                               Iteration History
 
          Iteration    Evaluations        -2 Log Like       Criterion

                  0              1       478.24175986                
                  1              1       405.11800674      0.00000000


                           Convergence criteria met.                    
                (c) DIAGONAL WITHIN-CHILD COVARIANCE MATRIX R_i                9
                WITH SEPARATE CONSTANT VARIANCE FOR EACH GENDER
                      DIFFERENT D MATRIX FOR BOTH GENDERS

                              The Mixed Procedure

                               Estimated G Matrix
 
  Row   Effect      child   gender       Col1       Col2       Col3       Col4

    1   Intercept    1      0          2.9716   -0.07539                      
    2   age          1      0        -0.07539    0.02151                      
    3   Intercept    1      1                                5.6468    -0.2827
    4   age          1      1                               -0.2827    0.02530


                         Estimated G Correlation Matrix
 
  Row   Effect      child   gender       Col1       Col2       Col3       Col4

    1   Intercept    1      0          1.0000    -0.2982                      
    2   age          1      0         -0.2982     1.0000                      
    3   Intercept    1      1                                1.0000    -0.7480
    4   age          1      1                               -0.7480     1.0000


                         Estimated V Matrix for child 1
 
               Row        Col1        Col2        Col3        Col4

                 1      3.5889      3.3357      3.5292      3.7226
                 2      3.3357      4.0618      3.8947      4.1742
                 3      3.5292      3.8947      4.7069      4.6258
                 4      3.7226      4.1742      4.6258      5.5240


                   Estimated V Correlation Matrix for child 1
 
               Row        Col1        Col2        Col3        Col4

                 1      1.0000      0.8737      0.8587      0.8361
                 2      0.8737      1.0000      0.8907      0.8812
                 3      0.8587      0.8907      1.0000      0.9072
                 4      0.8361      0.8812      0.9072      1.0000


                         Estimated V Matrix for child 12
 
               Row        Col1        Col2        Col3        Col4

                 1      5.3316      2.5820      2.4214      2.2608
                 2      2.5820      5.1116      2.4632      2.4038
                 3      2.4214      2.4632      5.0941      2.5468
                 4      2.2608      2.4038      2.5468      5.2789


                (c) DIAGONAL WITHIN-CHILD COVARIANCE MATRIX R_i               10
                WITH SEPARATE CONSTANT VARIANCE FOR EACH GENDER
                      DIFFERENT D MATRIX FOR BOTH GENDERS

                              The Mixed Procedure

                   Estimated V Correlation Matrix for child 12
 
               Row        Col1        Col2        Col3        Col4

                 1      1.0000      0.4946      0.4646      0.4261
                 2      0.4946      1.0000      0.4827      0.4627
                 3      0.4646      0.4827      1.0000      0.4911
                 4      0.4261      0.4627      0.4911      1.0000


                         Covariance Parameter Estimates
 
                  Cov Parm     Subject    Group       Estimate

                  UN(1,1)      child      gender 0      2.9716
                  UN(2,1)      child      gender 0    -0.07539
                  UN(2,2)      child      gender 0     0.02151
                  UN(1,1)      child      gender 1      5.6468
                  UN(2,1)      child      gender 1     -0.2827
                  UN(2,2)      child      gender 1     0.02530
                  Residual     child      gender 0      0.4466
                  Residual     child      gender 1      2.5891


                                Fit Statistics

                     -2 Log Likelihood               405.1
                     AIC (Smaller is Better)         429.1
                     AICC (Smaller is Better)        432.4
                     BIC (Smaller is Better)         444.7


                        Null Model Likelihood Ratio Test
 
                          DF    Chi-Square      Pr > ChiSq

                           7         73.12          <.0001


                          Solution for Fixed Effects
 
                                      Standard
  Effect        gender    Estimate       Error      DF    t Value    Pr > |t|

  gender        0          17.3727      0.7252      25      23.96      <.0001
  gender        1          16.3406      1.1715      25      13.95      <.0001
  age*gender    0           0.4795     0.06313      25       7.60      <.0001
  age*gender    1           0.7844     0.09835      25       7.98      <.0001


                (c) DIAGONAL WITHIN-CHILD COVARIANCE MATRIX R_i               11
                WITH SEPARATE CONSTANT VARIANCE FOR EACH GENDER
                      DIFFERENT D MATRIX FOR BOTH GENDERS

                              The Mixed Procedure

                         Type 3 Tests of Fixed Effects
 
                               Num     Den
                Effect          DF      DF    F Value    Pr > F

                gender           2      25     384.22    <.0001
                age*gender       2      25      60.65    <.0001


                                   Estimates
 
                                     Standard
   Label                 Estimate       Error      DF    t Value    Pr > |t|

   diff in mean slope     -0.3048      0.1169      25      -2.61      0.0151


                                   Contrasts
 
                       Num    Den
Label                   DF     DF   Chi-Square   F Value     Pr > ChiSq   Pr > F

overall gender diff      2     25        14.12      7.06         0.0009   0.0037
            (d) COMMON AR(1) WITHIN-CHILD REALIZATION COMPONENT AND           12
            COMMON WITHIN-CHILD MEASUREMENT ERROR COMPONENT FOR R_i
                         SAME D MATRIX FOR BOTH GENDERS

                              The Mixed Procedure

                               Model Information

             Data Set                     WORK.DENT1               
             Dependent Variable           distance                 
             Covariance Structures        Unstructured,            
                                          Autoregressive           
             Subject Effects              child, child             
             Estimation Method            ML                       
             Residual Variance Method     Profile                  
             Fixed Effects SE Method      Model-Based              
             Degrees of Freedom Method    Containment              


                            Class Level Information
 
               Class     Levels    Values

               gender         2    0 1                           
               child         27    1 2 3 4 5 6 7 8 9 10 11 12 13 
                                   14 15 16 17 18 19 20 21 22 23 
                                   24 25 26 27                   
               time           4    8 10 12 14                    


                                  Dimensions

                      Covariance Parameters             6
                      Columns in X                      4
                      Columns in Z per Subject          2
                      Subjects                         27
                      Max Obs per Subject               4


                            Number of Observations

                  Number of Observations Read             108
                  Number of Observations Used             108
                  Number of Observations Not Used           0


                               Iteration History
 
          Iteration    Evaluations        -2 Log Like       Criterion

                  0              1       478.24175986                
                  1              2       428.22548286     24.55088017
                  2              2       427.26075815      1.09477678
                  3              2       426.51452533      1.16919129
                  4              2       425.99015592      0.08543213
                  5              2       424.91951841      0.01458002
                  6              2       424.32018203      0.00323017
                  7              3       424.01683319       .        
            (d) COMMON AR(1) WITHIN-CHILD REALIZATION COMPONENT AND           13
            COMMON WITHIN-CHILD MEASUREMENT ERROR COMPONENT FOR R_i
                         SAME D MATRIX FOR BOTH GENDERS

                              The Mixed Procedure

                               Iteration History
 
          Iteration    Evaluations        -2 Log Like       Criterion

                  8              1       423.99457950      0.00007763
                  9              1       423.99420143      0.00000054
                 10              2       423.99415208      0.00000007
                 11              2       423.99414400      0.00000000


                           Convergence criteria met.                    


                         Estimated R Matrix for child 1
 
               Row        Col1        Col2        Col3        Col4

                 1      1.4760     -0.3330      0.3308     -0.3287
                 2     -0.3330      1.4760     -0.3330      0.3308
                 3      0.3308     -0.3330      1.4760     -0.3330
                 4     -0.3287      0.3308     -0.3330      1.4760


                   Estimated R Correlation Matrix for child 1
 
               Row        Col1        Col2        Col3        Col4

                 1      1.0000     -0.2256      0.2241     -0.2227
                 2     -0.2256      1.0000     -0.2256      0.2241
                 3      0.2241     -0.2256      1.0000     -0.2256
                 4     -0.2227      0.2241     -0.2256      1.0000


                               Estimated G Matrix
 
                Row    Effect       child        Col1        Col2

                  1    Intercept     1         6.9045     -0.4333
                  2    age           1        -0.4333     0.04828


                         Estimated G Correlation Matrix
 
                Row    Effect       child        Col1        Col2

                  1    Intercept     1         1.0000     -0.7505
                  2    age           1        -0.7505      1.0000


            (d) COMMON AR(1) WITHIN-CHILD REALIZATION COMPONENT AND           14
            COMMON WITHIN-CHILD MEASUREMENT ERROR COMPONENT FOR R_i
                         SAME D MATRIX FOR BOTH GENDERS

                              The Mixed Procedure

                         Estimated V Matrix for child 1
 
               Row        Col1        Col2        Col3        Col4

                 1      4.5375      2.6344      3.2041      2.4504
                 2      2.6344      4.5423      2.8323      3.5951
                 3      3.2041      2.8323      4.9333      3.4165
                 4      2.4504      3.5951      3.4165      5.7106


                   Estimated V Correlation Matrix for child 1
 
               Row        Col1        Col2        Col3        Col4

                 1      1.0000      0.5803      0.6772      0.4814
                 2      0.5803      1.0000      0.5983      0.7059
                 3      0.6772      0.5983      1.0000      0.6437
                 4      0.4814      0.7059      0.6437      1.0000


                         Covariance Parameter Estimates
 
                        Cov Parm     Subject    Estimate

                        UN(1,1)      child        6.9045
                        UN(2,1)      child       -0.4333
                        UN(2,2)      child       0.04828
                        Variance     child        0.3351
                        AR(1)        child       -0.9935
                        Residual                  1.1408


                                Fit Statistics

                     -2 Log Likelihood               424.0
                     AIC (Smaller is Better)         444.0
                     AICC (Smaller is Better)        446.3
                     BIC (Smaller is Better)         457.0


                        Null Model Likelihood Ratio Test
 
                          DF    Chi-Square      Pr > ChiSq

                           5         54.25          <.0001


            (d) COMMON AR(1) WITHIN-CHILD REALIZATION COMPONENT AND           15
            COMMON WITHIN-CHILD MEASUREMENT ERROR COMPONENT FOR R_i
                         SAME D MATRIX FOR BOTH GENDERS

                              The Mixed Procedure

                          Solution for Fixed Effects
 
                                      Standard
  Effect        gender    Estimate       Error      DF    t Value    Pr > |t|

  gender        0          17.4148      1.1651      54      14.95      <.0001
  gender        1          16.1917      0.9661      54      16.76      <.0001
  age*gender    0           0.4757      0.1010      54       4.71      <.0001
  age*gender    1           0.7979     0.08376      54       9.53      <.0001


                         Type 3 Tests of Fixed Effects
 
                               Num     Den
                Effect          DF      DF    F Value    Pr > F

                gender           2      54     252.17    <.0001
                age*gender       2      54      56.46    <.0001


                                   Estimates
 
                                     Standard
   Label                 Estimate       Error      DF    t Value    Pr > |t|

   diff in mean slope     -0.3222      0.1312      54      -2.45      0.0173


                                   Contrasts
 
                       Num    Den
Label                   DF     DF   Chi-Square   F Value     Pr > ChiSq   Pr > F

overall gender diff      2     54        13.97      6.99         0.0009   0.0020
            (e) COMMON AR(1) WITHIN-CHILD REALIZATION COMPONENT AND           16
            COMMON WITHIN-CHILD MEASUREMENT ERROR COMPONENT FOR R_i
            USING EXPONENTIAL MODEL; SAME D MATRIX FOR BOTH GENDERS

                              The Mixed Procedure

                               Model Information

             Data Set                     WORK.DENT1               
             Dependent Variable           distance                 
             Covariance Structures        Unstructured, Spatial    
                                          Exponential              
             Subject Effects              child, child             
             Estimation Method            ML                       
             Residual Variance Method     Profile                  
             Fixed Effects SE Method      Model-Based              
             Degrees of Freedom Method    Containment              


                            Class Level Information
 
               Class     Levels    Values

               gender         2    0 1                           
               child         27    1 2 3 4 5 6 7 8 9 10 11 12 13 
                                   14 15 16 17 18 19 20 21 22 23 
                                   24 25 26 27                   
               time           4    8 10 12 14                    


                                  Dimensions

                      Covariance Parameters             6
                      Columns in X                      4
                      Columns in Z per Subject          2
                      Subjects                         27
                      Max Obs per Subject               4


                            Number of Observations

                  Number of Observations Read             108
                  Number of Observations Used             108
                  Number of Observations Not Used           0


                               Iteration History
 
          Iteration    Evaluations        -2 Log Like       Criterion

                  0              1       478.24175986                
                  1              2       429.10673142      7.78729889
                  2              2       428.79248767      0.24711805
                  3              2       428.01508272      0.26849305
                  4              2       427.83581422      0.07289913
                  5              2       427.81371137      0.01031986
                  6              2       427.80620859      0.00009562
                  7              2       427.80600715      0.00000051
            (e) COMMON AR(1) WITHIN-CHILD REALIZATION COMPONENT AND           17
            COMMON WITHIN-CHILD MEASUREMENT ERROR COMPONENT FOR R_i
            USING EXPONENTIAL MODEL; SAME D MATRIX FOR BOTH GENDERS

                              The Mixed Procedure

                               Iteration History
 
          Iteration    Evaluations        -2 Log Like       Criterion

                  8              3       427.80595104      0.00000503
                  9              1       427.80595080      0.00000000


           Convergence criteria met but final hessian is not positive   
                                   definite.                            


                         Estimated R Matrix for child 1
 
               Row        Col1        Col2        Col3        Col4

                 1      1.7162                                    
                 2                  1.7162                        
                 3                              1.7162            
                 4                                          1.7162


                   Estimated R Correlation Matrix for child 1
 
               Row        Col1        Col2        Col3        Col4

                 1      1.0000                                    
                 2                  1.0000                        
                 3                              1.0000            
                 4                                          1.0000


                               Estimated G Matrix
 
                Row    Effect       child        Col1        Col2

                  1    Intercept     1         4.5569     -0.1983
                  2    age           1        -0.1983     0.02376


                         Estimated G Correlation Matrix
 
                Row    Effect       child        Col1        Col2

                  1    Intercept     1         1.0000     -0.6025
                  2    age           1        -0.6025      1.0000


            (e) COMMON AR(1) WITHIN-CHILD REALIZATION COMPONENT AND           18
            COMMON WITHIN-CHILD MEASUREMENT ERROR COMPONENT FOR R_i
            USING EXPONENTIAL MODEL; SAME D MATRIX FOR BOTH GENDERS

                              The Mixed Procedure

                         Estimated V Matrix for child 1
 
               Row        Col1        Col2        Col3        Col4

                 1      4.6216      2.8891      2.8727      2.8563
                 2      2.8891      4.6839      3.0464      3.1251
                 3      2.8727      3.0464      4.9363      3.3938
                 4      2.8563      3.1251      3.3938      5.3788


                   Estimated V Correlation Matrix for child 1
 
               Row        Col1        Col2        Col3        Col4

                 1      1.0000      0.6209      0.6014      0.5729
                 2      0.6209      1.0000      0.6335      0.6226
                 3      0.6014      0.6335      1.0000      0.6586
                 4      0.5729      0.6226      0.6586      1.0000


                         Covariance Parameter Estimates
 
                        Cov Parm     Subject    Estimate

                        UN(1,1)      child        4.5569
                        UN(2,1)      child       -0.1983
                        UN(2,2)      child       0.02376
                        Variance     child        0.8032
                        SP(EXP)      child             0
                        Residual                  0.9130


                                Fit Statistics

                     -2 Log Likelihood               427.8
                     AIC (Smaller is Better)         445.8
                     AICC (Smaller is Better)        447.6
                     BIC (Smaller is Better)         457.5


                        Null Model Likelihood Ratio Test
 
                          DF    Chi-Square      Pr > ChiSq

                           4         50.44          <.0001


            (e) COMMON AR(1) WITHIN-CHILD REALIZATION COMPONENT AND           19
            COMMON WITHIN-CHILD MEASUREMENT ERROR COMPONENT FOR R_i
            USING EXPONENTIAL MODEL; SAME D MATRIX FOR BOTH GENDERS

                              The Mixed Procedure

                          Solution for Fixed Effects
 
                                      Standard
  Effect        gender    Estimate       Error      DF    t Value    Pr > |t|

  gender        0          17.3727      1.1820      54      14.70      <.0001
  gender        1          16.3406      0.9801      54      16.67      <.0001
  age*gender    0           0.4795     0.09980      54       4.80      <.0001
  age*gender    1           0.7844     0.08275      54       9.48      <.0001


                         Type 3 Tests of Fixed Effects
 
                               Num     Den
                Effect          DF      DF    F Value    Pr > F

                gender           2      54     247.00    <.0001
                age*gender       2      54      56.46    <.0001


                                   Estimates
 
                                     Standard
   Label                 Estimate       Error      DF    t Value    Pr > |t|

   diff in mean slope     -0.3048      0.1296      54      -2.35      0.0224


                                   Contrasts
 
                       Num    Den
Label                   DF     DF   Chi-Square   F Value     Pr > ChiSq   Pr > F

overall gender diff      2     54        14.19      7.10         0.0008   0.0018
           (f) DIFFERENT AR(1) WITHIN-CHILD REALIZATION COMPONENT AND         20
            SAME WITHIN-CHILD MEASUREMENT ERROR COMPONENT BY GENDER
                       DIFFERENT D MATRIX FOR EACH GENDER

                              The Mixed Procedure

                               Model Information

             Data Set                     WORK.DENT1               
             Dependent Variable           distance                 
             Covariance Structures        Unstructured,            
                                          Autoregressive           
             Subject Effects              child, child             
             Group Effects                gender, gender           
             Estimation Method            ML                       
             Residual Variance Method     Profile                  
             Fixed Effects SE Method      Model-Based              
             Degrees of Freedom Method    Containment              


                            Class Level Information
 
               Class     Levels    Values

               gender         2    0 1                           
               child         27    1 2 3 4 5 6 7 8 9 10 11 12 13 
                                   14 15 16 17 18 19 20 21 22 23 
                                   24 25 26 27                   
               time           4    8 10 12 14                    


                                  Dimensions

                      Covariance Parameters            11
                      Columns in X                      4
                      Columns in Z per Subject          4
                      Subjects                         27
                      Max Obs per Subject               4


                            Number of Observations

                  Number of Observations Read             108
                  Number of Observations Used             108
