                        COMMON D, COMMON DIAGONAL WITHIN                       1

                              The Mixed Procedure

                               Model Information

             Data Set                     WORK.THEDAT              
             Dependent Variable           logcd4                   
             Covariance Structure         Unstructured             
             Subject Effect               id                       
             Estimation Method            ML                       
             Residual Variance Method     Profile                  
             Fixed Effects SE Method      Model-Based              
             Degrees of Freedom Method    Containment              


                            Class Level Information
 
               Class    Levels    Values

               dual          2    0 1                           
                        COMMON D, COMMON DIAGONAL WITHIN                       2

                              The Mixed Procedure

                            Class Level Information
 
               Class    Levels    Values

               id         1309    1 2 3 4 5 6 7 8 9 10 11 12 13 
                                  14 15 16 17 18 19 20 21 22 23 
                                  24 25 26 27 28 29 30 31 32 33 
                                  34 35 36 37 38 39 40 41 42 43 
                                  44 45 46 47 48 49 50 51 52 53 
                                  54 55 56 57 58 59 60 61 62 63 
                                  64 65 66 67 68 69 70 71 72 73 
                                  74 75 76 77 78 79 80 81 82 83 
                                  84 85 86 87 88 89 90 91 92 93 
                                  94 95 96 97 98 99 100 101 102 
                                  103 104 105 106 107 108 109   
                                  110 111 112 113 114 115 116   
                                  117 118 119 120 121 122 123   
                                  124 125 126 127 128 129 130   
                                  131 132 133 134 135 136 137   
                                  138 139 140 141 142 143 144   
                                  145 146 147 148 149 150 151   
                                  152 153 154 155 156 157 158   
                                  159 160 161 162 163 164 165   
                                  166 167 168 169 170 171 172   
                                  173 174 175 176 177 178 179   
                                  180 181 182 183 184 185 186   
                                  187 188 189 190 191 192 193   
                                  194 195 196 197 198 199 200   
                                  201 202 203 204 205 206 207   
                                  208 209 210 211 212 213 214   
                                  215 216 217 218 219 220 221   
                                  222 223 224 225 226 227 228   
                                  229 230 231 232 233 234 235   
                                  236 237 238 239 240 241 242   
                                  243 244 245 246 247 248 249   
                                  250 251 252 253 254 255 256   
                                  257 258 259 260 261 262 263   
                                  264 265 266 267 268 269 270   
                                  271 272 273 274 275 276 277   
                                  278 279 280 281 282 283 284   
                                  285 286 287 288 289 290 291   
                                  292 293 294 295 296 297 298   
                                  299 300 301 302 303 304 305   
                                  306 307 308 309 310 311 312   
                                  313 314 315 316 317 318 319   
                                  320 321 322 323 324 325 326   
                                  327 328 329 330 331 332 333   
                                  334 335 336 337 338 339 340   
                                  341 342 343 344 345 346 347   
                                  348 349 350 351 352 353 354   
                                  355 356 357 358 359 360 361   
                                  362 363 364 365 366 367 368   
                                  369 370 371 372 373 374 375   
                                  376 377 378 379 380 381 382   
                                  383 384 385 386 387 388 389   
                        COMMON D, COMMON DIAGONAL WITHIN                       3

                              The Mixed Procedure

                                  390 391 392 393 394 395 396   
                                  397 398 399 400 401 402 403   
                                  404 405 406 407 408 409 410   
                                  411 412 413 414 415 416 417   
                                  418 419 420 421 422 423 424   
                                  425 426 427 428 429 430 431   
                                  432 433 434 435 436 437 438   
                                  439 440 441 442 443 444 445   
                                  446 447 448 449 450 451 452   
                                  453 454 455 456 457 458 459   
                                  460 461 462 463 464 465 466   
                                  467 468 469 470 471 472 473   
                                  474 475 476 477 478 479 480   
                                  481 482 483 484 485 486 487   
                                  488 489 490 491 492 493 494   
                                  495 496 497 498 499 500 501   
                                  502 503 504 505 506 507 508   
                                  509 510 512 513 514 515 516   
                                  517 518 519 520 521 522 523   
                                  524 525 526 527 528 529 530   
                                  531 532 533 534 535 536 537   
                                  538 539 540 541 542 543 544   
                                  545 546 547 548 549 550 551   
                                  552 553 554 555 556 557 558   
                                  559 560 561 562 563 564 565   
                                  566 567 568 569 570 571 572   
                                  573 574 575 576 577 578 579   
                                  580 581 582 583 584 585 586   
                                  587 588 589 590 591 592 593   
                                  594 595 596 597 598 599 600   
                                  601 602 603 604 605 606 607   
                                  608 609 610 611 612 613 614   
                                  615 616 617 618 619 620 621   
                                  622 623 624 625 626 627 628   
                                  629 630 631 632 633 634 635   
                                  636 637 638 639 640 641 642   
                                  643 644 645 646 647 648 649   
                                  650 651 652 653 654 655 656   
                                  657 658 659 660 661 662 663   
                                  664 665 666 667 668 669 670   
                                  672 673 674 675 676 677 678   
                                  679 680 681 682 683 685 686   
                                  687 688 689 690 691 692 693   
                                  694 695 696 697 698 699 700   
                                  701 702 703 704 705 706 707   
                                  708 709 710 711 712 713 714   
                                  715 716 717 718 719 720 721   
                                  722 723 724 725 726 727 728   
                                  729 730 731 732 733 735 736   
                                  737 738 739 740 741 742 743   
                                  744 745 746 747 748 749 750   
                                  751 752 753 754 755 756 757   
                                  758 759 760 761 762 763 764   
                                  765 766 767 768 769 770 771   
                                  772 773 774 775 776 777 778   
                        COMMON D, COMMON DIAGONAL WITHIN                       4

                              The Mixed Procedure

                                  779 780 781 782 783 784 785   
                                  786 787 788 789 790 791 792   
                                  793 794 795 796 797 798 799   
                                  800 801 802 803 804 805 806   
                                  807 808 809 810 811 812 813   
                                  814 815 816 817 818 819 820   
                                  821 822 823 824 825 826 827   
                                  828 829 830 831 832 833 834   
                                  835 836 837 838 839 840 841   
                                  842 843 844 845 846 847 848   
                                  849 850 851 852 853 854 855   
                                  856 857 858 859 860 861 862   
                                  863 864 865 866 867 868 869   
                                  870 871 872 873 874 875 876   
                                  877 878 879 880 881 882 883   
                                  884 885 886 887 888 889 890   
                                  891 892 893 894 895 896 897   
                                  898 899 900 901 902 903 904   
                                  905 906 907 908 909 910 911   
                                  912 913 914 915 916 917 918   
                                  919 920 921 922 923 924 925   
                                  926 927 928 929 930 931 932   
                                  933 934 935 936 937 938 939   
                                  940 941 942 943 944 945 946   
                                  947 948 949 950 951 952 953   
                                  954 955 956 957 958 959 960   
                                  961 962 963 964 965 966 967   
                                  968 969 970 971 972 973 974   
                                  975 976 977 978 979 980 981   
                                  982 983 984 985 986 987 988   
                                  989 990 991 992 993 994 995   
                                  996 997 998 999 1000 1001 1002
                                  1003 1004 1005 1006 1007 1008 
                                  1009 1010 1011 1012 1013 1014 
                                  1015 1016 1017 1018 1019 1020 
                                  1021 1022 1023 1024 1025 1026 
                                  1027 1028 1029 1030 1031 1032 
                                  1033 1034 1035 1036 1037 1038 
                                  1039 1040 1041 1042 1043 1044 
                                  1045 1046 1047 1048 1049 1050 
                                  1051 1052 1053 1054 1055 1056 
                                  1057 1058 1059 1060 1061 1062 
                                  1063 1064 1065 1066 1067 1068 
                                  1069 1070 1071 1072 1073 1074 
                                  1075 1076 1077 1078 1079 1080 
                                  1081 1082 1083 1084 1085 1086 
                                  1087 1088 1089 1090 1091 1092 
                                  1093 1094 1095 1096 1097 1098 
                                  1099 1100 1101 1102 1103 1104 
                                  1105 1106 1107 1108 1109 1110 
                                  1111 1112 1113 1114 1115 1116 
                                  1117 1118 1119 1120 1121 1122 
                                  1123 1124 1125 1126 1127 1128 
                                  1129 1130 1131 1132 1133 1134 
                                  1135 1136 1137 1138 1139 1140 
                        COMMON D, COMMON DIAGONAL WITHIN                       5

                              The Mixed Procedure

                                  1141 1142 1143 1144 1145 1146 
                                  1147 1148 1149 1150 1151 1152 
                                  1153 1154 1155 1156 1157 1158 
                                  1159 1160 1161 1162 1163 1164 
                                  1165 1166 1167 1168 1169 1170 
                                  1171 1172 1173 1174 1175 1176 
                                  1177 1178 1179 1180 1181 1182 
                                  1183 1184 1185 1186 1187 1188 
                                  1189 1190 1191 1192 1193 1194 
                                  1195 1196 1197 1198 1199 1200 
                                  1201 1202 1203 1204 1205 1206 
                                  1207 1208 1209 1210 1211 1212 
                                  1213 1214 1215 1216 1217 1218 
                                  1219 1220 1221 1222 1223 1224 
                                  1225 1226 1227 1228 1229 1230 
                                  1231 1232 1233 1234 1235 1236 
                                  1237 1238 1239 1240 1241 1242 
                                  1243 1244 1245 1246 1247 1248 
                                  1249 1250 1251 1252 1253 1254 
                                  1255 1256 1257 1258 1259 1260 
                                  1261 1262 1263 1264 1265 1266 
                                  1267 1268 1269 1270 1271 1272 
                                  1273 1274 1275 1276 1277 1278 
                                  1279 1280 1281 1282 1283 1284 
                                  1285 1286 1287 1288 1289 1290 
                                  1291 1292 1293 1294 1295 1296 
                                  1297 1298 1299 1300 1301 1302 
                                  1303 1304 1305 1306 1307 1308 
                                  1309 1310 1311 1312 1313      


                                  Dimensions

                      Covariance Parameters             7
                      Columns in X                      5
                      Columns in Z per Subject          3
                      Subjects                       1309
                      Max Obs per Subject               9


                            Number of Observations

                  Number of Observations Read            5036
                  Number of Observations Used            5036
                  Number of Observations Not Used           0


                               Iteration History
 
          Iteration    Evaluations        -2 Log Like       Criterion

                  0              1     14935.94054389                
                  1              3     11888.67779152      0.00040418
                  2              1     11888.12347870      0.00000179
                        COMMON D, COMMON DIAGONAL WITHIN                       6

                              The Mixed Procedure

                               Iteration History
 
          Iteration    Evaluations        -2 Log Like       Criterion

                  3              1     11888.12111819      0.00000000


                           Convergence criteria met.                    


                               Estimated G Matrix
 
          Row    Effect       id          Col1        Col2        Col3

            1    Intercept       1      0.5851    0.007264    -0.01236
            2    week            1    0.007264    0.000917    -0.00091
            3    weekplus        1    -0.01236    -0.00091    0.001225


                         Estimated G Correlation Matrix
 
          Row    Effect       id          Col1        Col2        Col3

            1    Intercept       1      1.0000      0.3135     -0.4615
            2    week            1      0.3135      1.0000     -0.8588
            3    weekplus        1     -0.4615     -0.8588      1.0000


                           Estimated V Matrix for id 1
 
   Row        Col1        Col2        Col3        Col4        Col5        Col6

     1      0.8913      0.6401      0.6982      0.6628      0.6169      0.5791
     2      0.6401      1.0538      0.8614      0.8293      0.7839      0.7465
     3      0.6982      0.8614      1.3399      1.0052      0.9604      0.9234
     4      0.6628      0.8293      1.0052      1.3016      0.9725      0.9536
     5      0.6169      0.7839      0.9604      0.9725      1.2818      0.9783
     6      0.5791      0.7465      0.9234      0.9536      0.9783      1.3048


                     Estimated V Correlation Matrix for id 1
 
   Row        Col1        Col2        Col3        Col4        Col5        Col6

     1      1.0000      0.6605      0.6389      0.6154      0.5772      0.5370
     2      0.6605      1.0000      0.7249      0.7081      0.6745      0.6366
     3      0.6389      0.7249      1.0000      0.7612      0.7328      0.6983
     4      0.6154      0.7081      0.7612      1.0000      0.7529      0.7317
     5      0.5772      0.6745      0.7328      0.7529      1.0000      0.7564
     6      0.5370      0.6366      0.6983      0.7317      0.7564      1.0000


                        COMMON D, COMMON DIAGONAL WITHIN                       7

                              The Mixed Procedure

                         Covariance Parameter Estimates
 
                        Cov Parm     Subject    Estimate

                        UN(1,1)      id           0.5851
                        UN(2,1)      id         0.007264
                        UN(2,2)      id         0.000917
                        UN(3,1)      id         -0.01236
                        UN(3,2)      id         -0.00091
                        UN(3,3)      id         0.001225
                        Residual                  0.3062


                                Fit Statistics

                     -2 Log Likelihood             11888.1
                     AIC (Smaller is Better)       11912.1
                     AICC (Smaller is Better)      11912.2
                     BIC (Smaller is Better)       11974.2


                        Null Model Likelihood Ratio Test
 
                          DF    Chi-Square      Pr > ChiSq

                           6       3047.82          <.0001


                           Solution for Fixed Effects
 
                                       Standard
  Effect           dual    Estimate       Error      DF    t Value    Pr > |t|

  Intercept                  2.9415     0.02561    1308     114.85      <.0001
  week*dual        0       -0.00734    0.001985    1534      -3.70      0.0002
  week*dual        1        0.01951    0.003335    1534       5.85      <.0001
  weekplus*dual    0       -0.01204    0.003171    1534      -3.80      0.0002
  weekplus*dual    1       -0.03977    0.005337    1534      -7.45      <.0001


                         Type 3 Tests of Fixed Effects
 
                                 Num     Den
               Effect             DF      DF    F Value    Pr > F

               week*dual           2    1534      24.43    <.0001
               weekplus*dual       2    1534      34.80    <.0001
                      COMMON D, DIFFERENT DIAGONAL WITHIN                      8

                              The Mixed Procedure

                               Model Information

             Data Set                     WORK.THEDAT              
             Dependent Variable           logcd4                   
             Covariance Structures        Unstructured, Variance   
                                          Components               
             Subject Effects              id, id                   
             Group Effect                 dual                     
             Estimation Method            ML                       
             Residual Variance Method     None                     
             Fixed Effects SE Method      Model-Based              
             Degrees of Freedom Method    Containment              


                            Class Level Information
 
               Class    Levels    Values

               dual          2    0 1                           
                      COMMON D, DIFFERENT DIAGONAL WITHIN                      9

                              The Mixed Procedure

                            Class Level Information
 
               Class    Levels    Values

               id         1309    1 2 3 4 5 6 7 8 9 10 11 12 13 
                                  14 15 16 17 18 19 20 21 22 23 
                                  24 25 26 27 28 29 30 31 32 33 
                                  34 35 36 37 38 39 40 41 42 43 
                                  44 45 46 47 48 49 50 51 52 53 
                                  54 55 56 57 58 59 60 61 62 63 
                                  64 65 66 67 68 69 70 71 72 73 
                                  74 75 76 77 78 79 80 81 82 83 
                                  84 85 86 87 88 89 90 91 92 93 
                                  94 95 96 97 98 99 100 101 102 
                                  103 104 105 106 107 108 109   
                                  110 111 112 113 114 115 116   
                                  117 118 119 120 121 122 123   
                                  124 125 126 127 128 129 130   
                                  131 132 133 134 135 136 137   
                                  138 139 140 141 142 143 144   
                                  145 146 147 148 149 150 151   
                                  152 153 154 155 156 157 158   
                                  159 160 161 162 163 164 165   
                                  166 167 168 169 170 171 172   
                                  173 174 175 176 177 178 179   
                                  180 181 182 183 184 185 186   
                                  187 188 189 190 191 192 193   
                                  194 195 196 197 198 199 200   
                                  201 202 203 204 205 206 207   
                                  208 209 210 211 212 213 214   
                                  215 216 217 218 219 220 221   
                                  222 223 224 225 226 227 228   
                                  229 230 231 232 233 234 235   
                                  236 237 238 239 240 241 242   
                                  243 244 245 246 247 248 249   
                                  250 251 252 253 254 255 256   
                                  257 258 259 260 261 262 263   
                                  264 265 266 267 268 269 270   
                                  271 272 273 274 275 276 277   
                                  278 279 280 281 282 283 284   
                                  285 286 287 288 289 290 291   
                                  292 293 294 295 296 297 298   
                                  299 300 301 302 303 304 305   
                                  306 307 308 309 310 311 312   
                                  313 314 315 316 317 318 319   
                                  320 321 322 323 324 325 326   
                                  327 328 329 330 331 332 333   
                                  334 335 336 337 338 339 340   
                                  341 342 343 344 345 346 347   
                                  348 349 350 351 352 353 354   
                                  355 356 357 358 359 360 361   
                                  362 363 364 365 366 367 368   
                                  369 370 371 372 373 374 375   
                                  376 377 378 379 380 381 382   
                                  383 384 385 386 387 388 389   
                      COMMON D, DIFFERENT DIAGONAL WITHIN                     10

                              The Mixed Procedure

                                  390 391 392 393 394 395 396   
                                  397 398 399 400 401 402 403   
                                  404 405 406 407 408 409 410   
                                  411 412 413 414 415 416 417   
                                  418 419 420 421 422 423 424   
                                  425 426 427 428 429 430 431   
                                  432 433 434 435 436 437 438   
                                  439 440 441 442 443 444 445   
                                  446 447 448 449 450 451 452   
                                  453 454 455 456 457 458 459   
                                  460 461 462 463 464 465 466   
                                  467 468 469 470 471 472 473   
                                  474 475 476 477 478 479 480   
                                  481 482 483 484 485 486 487   
                                  488 489 490 491 492 493 494   
                                  495 496 497 498 499 500 501   
                                  502 503 504 505 506 507 508   
                                  509 510 512 513 514 515 516   
                                  517 518 519 520 521 522 523   
                                  524 525 526 527 528 529 530   
                                  531 532 533 534 535 536 537   
                                  538 539 540 541 542 543 544   
                                  545 546 547 548 549 550 551   
                                  552 553 554 555 556 557 558   
                                  559 560 561 562 563 564 565   
                                  566 567 568 569 570 571 572   
                                  573 574 575 576 577 578 579   
                                  580 581 582 583 584 585 586   
                                  587 588 589 590 591 592 593   
                                  594 595 596 597 598 599 600   
                                  601 602 603 604 605 606 607   
                                  608 609 610 611 612 613 614   
                                  615 616 617 618 619 620 621   
                                  622 623 624 625 626 627 628   
                                  629 630 631 632 633 634 635   
                                  636 637 638 639 640 641 642   
                                  643 644 645 646 647 648 649   
                                  650 651 652 653 654 655 656   
                                  657 658 659 660 661 662 663   
                                  664 665 666 667 668 669 670   
                                  672 673 674 675 676 677 678   
                                  679 680 681 682 683 685 686   
                                  687 688 689 690 691 692 693   
                                  694 695 696 697 698 699 700   
                                  701 702 703 704 705 706 707   
                                  708 709 710 711 712 713 714   
                                  715 716 717 718 719 720 721   
                                  722 723 724 725 726 727 728   
                                  729 730 731 732 733 735 736   
                                  737 738 739 740 741 742 743   
                                  744 745 746 747 748 749 750   
                                  751 752 753 754 755 756 757   
                                  758 759 760 761 762 763 764   
                                  765 766 767 768 769 770 771   
                                  772 773 774 775 776 777 778   
                      COMMON D, DIFFERENT DIAGONAL WITHIN                     11

                              The Mixed Procedure

                                  779 780 781 782 783 784 785   
                                  786 787 788 789 790 791 792   
                                  793 794 795 796 797 798 799   
                                  800 801 802 803 804 805 806   
                                  807 808 809 810 811 812 813   
                                  814 815 816 817 818 819 820   
                                  821 822 823 824 825 826 827   
                                  828 829 830 831 832 833 834   
                                  835 836 837 838 839 840 841   
                                  842 843 844 845 846 847 848   
                                  849 850 851 852 853 854 855   
                                  856 857 858 859 860 861 862   
                                  863 864 865 866 867 868 869   
                                  870 871 872 873 874 875 876   
                                  877 878 879 880 881 882 883   
                                  884 885 886 887 888 889 890   
                                  891 892 893 894 895 896 897   
                                  898 899 900 901 902 903 904   
                                  905 906 907 908 909 910 911   
                                  912 913 914 915 916 917 918   
                                  919 920 921 922 923 924 925   
                                  926 927 928 929 930 931 932   
                                  933 934 935 936 937 938 939   
                                  940 941 942 943 944 945 946   
                                  947 948 949 950 951 952 953   
                                  954 955 956 957 958 959 960   
                                  961 962 963 964 965 966 967   
                                  968 969 970 971 972 973 974   
                                  975 976 977 978 979 980 981   
                                  982 983 984 985 986 987 988   
                                  989 990 991 992 993 994 995   
                                  996 997 998 999 1000 1001 1002
                                  1003 1004 1005 1006 1007 1008 
                                  1009 1010 1011 1012 1013 1014 
                                  1015 1016 1017 1018 1019 1020 
                                  1021 1022 1023 1024 1025 1026 
                                  1027 1028 1029 1030 1031 1032 
                                  1033 1034 1035 1036 1037 1038 
                                  1039 1040 1041 1042 1043 1044 
                                  1045 1046 1047 1048 1049 1050 
                                  1051 1052 1053 1054 1055 1056 
                                  1057 1058 1059 1060 1061 1062 
                                  1063 1064 1065 1066 1067 1068 
                                  1069 1070 1071 1072 1073 1074 
                                  1075 1076 1077 1078 1079 1080 
                                  1081 1082 1083 1084 1085 1086 
                                  1087 1088 1089 1090 1091 1092 
                                  1093 1094 1095 1096 1097 1098 
                                  1099 1100 1101 1102 1103 1104 
                                  1105 1106 1107 1108 1109 1110 
                                  1111 1112 1113 1114 1115 1116 
                                  1117 1118 1119 1120 1121 1122 
                                  1123 1124 1125 1126 1127 1128 
                                  1129 1130 1131 1132 1133 1134 
                                  1135 1136 1137 1138 1139 1140 
                      COMMON D, DIFFERENT DIAGONAL WITHIN                     12

                              The Mixed Procedure

                                  1141 1142 1143 1144 1145 1146 
                                  1147 1148 1149 1150 1151 1152 
                                  1153 1154 1155 1156 1157 1158 
                                  1159 1160 1161 1162 1163 1164 
                                  1165 1166 1167 1168 1169 1170 
                                  1171 1172 1173 1174 1175 1176 
                                  1177 1178 1179 1180 1181 1182 
                                  1183 1184 1185 1186 1187 1188 
                                  1189 1190 1191 1192 1193 1194 
                                  1195 1196 1197 1198 1199 1200 
                                  1201 1202 1203 1204 1205 1206 
                                  1207 1208 1209 1210 1211 1212 
                                  1213 1214 1215 1216 1217 1218 
                                  1219 1220 1221 1222 1223 1224 
                                  1225 1226 1227 1228 1229 1230 
                                  1231 1232 1233 1234 1235 1236 
                                  1237 1238 1239 1240 1241 1242 
                                  1243 1244 1245 1246 1247 1248 
                                  1249 1250 1251 1252 1253 1254 
                                  1255 1256 1257 1258 1259 1260 
                                  1261 1262 1263 1264 1265 1266 
                                  1267 1268 1269 1270 1271 1272 
                                  1273 1274 1275 1276 1277 1278 
                                  1279 1280 1281 1282 1283 1284 
                                  1285 1286 1287 1288 1289 1290 
                                  1291 1292 1293 1294 1295 1296 
                                  1297 1298 1299 1300 1301 1302 
                                  1303 1304 1305 1306 1307 1308 
                                  1309 1310 1311 1312 1313      


                                  Dimensions

                      Covariance Parameters             8
                      Columns in X                      5
                      Columns in Z per Subject          3
                      Subjects                       1309
                      Max Obs per Subject               9


                            Number of Observations

                  Number of Observations Read            5036
                  Number of Observations Used            5036
                  Number of Observations Not Used           0


                               Iteration History
 
          Iteration    Evaluations        -2 Log Like       Criterion

                  0              1     14935.94054389                
                  1              2     11955.01841116      0.03841218
                  2              2     11894.13010481      0.00449470
                      COMMON D, DIFFERENT DIAGONAL WITHIN                     13

                              The Mixed Procedure

                               Iteration History
 
          Iteration    Evaluations        -2 Log Like       Criterion

                  3              2     11887.70134125      0.00009132
                  4              1     11887.57938042      0.00000005
                  5              1     11887.57931787      0.00000000


                           Convergence criteria met.                    


                               Estimated G Matrix
 
          Row    Effect       id          Col1        Col2        Col3

            1    Intercept       1      0.5861    0.007157    -0.01216
            2    week            1    0.007157    0.000930    -0.00093
            3    weekplus        1    -0.01216    -0.00093    0.001252


                         Estimated G Correlation Matrix
 
          Row    Effect       id          Col1        Col2        Col3

            1    Intercept       1      1.0000      0.3065     -0.4491
            2    week            1      0.3065      1.0000     -0.8608
            3    weekplus        1     -0.4491     -0.8608      1.0000


                           Estimated V Matrix for id 1
 
   Row        Col1        Col2        Col3        Col4        Col5        Col6

     1      0.8953      0.6403      0.6976      0.6627      0.6177      0.5805
     2      0.6403      1.0570      0.8614      0.8296      0.7847      0.7475
     3      0.6976      0.8614      1.3437      1.0060      0.9611      0.9240
     4      0.6627      0.8296      1.0060      1.3054      0.9735      0.9546
     5      0.6177      0.7847      0.9611      0.9735      1.2861      0.9797
     6      0.5805      0.7475      0.9240      0.9546      0.9797      1.3096


                     Estimated V Correlation Matrix for id 1
 
   Row        Col1        Col2        Col3        Col4        Col5        Col6

     1      1.0000      0.6582      0.6360      0.6130      0.5756      0.5361
     2      0.6582      1.0000      0.7228      0.7063      0.6730      0.6353
     3      0.6360      0.7228      1.0000      0.7596      0.7311      0.6966
     4      0.6130      0.7063      0.7596      1.0000      0.7513      0.7301
     5      0.5756      0.6730      0.7311      0.7513      1.0000      0.7549
     6      0.5361      0.6353      0.6966      0.7301      0.7549      1.0000
                      COMMON D, DIFFERENT DIAGONAL WITHIN                     14

                              The Mixed Procedure

                           Estimated V Matrix for id 6
 
   Row        Col1        Col2        Col3        Col4        Col5        Col6

     1      0.8953      0.6383      0.6935      0.6606      0.6234      0.6033
     2      0.6383      1.0489      0.8473      0.8212      0.7841      0.7641
     3      0.6935      0.8473      1.3193      0.9913      0.9542      0.9342
     4      0.6606      0.8212      0.9913      1.3033      0.9764      0.9668
     5      0.6234      0.7841      0.9542      0.9764      1.2856      0.9765
     6      0.6033      0.7641      0.9342      0.9668      0.9765      1.2909


                     Estimated V Correlation Matrix for id 6
 
   Row        Col1        Col2        Col3        Col4        Col5        Col6

     1      1.0000      0.6586      0.6381      0.6115      0.5811      0.5612
     2      0.6586      1.0000      0.7202      0.7023      0.6752      0.6566
     3      0.6381      0.7202      1.0000      0.7560      0.7327      0.7159
     4      0.6115      0.7023      0.7560      1.0000      0.7543      0.7453
     5      0.5811      0.6752      0.7327      0.7543      1.0000      0.7580
     6      0.5612      0.6566      0.7159      0.7453      0.7580      1.0000


                           Estimated V Matrix for id 8
 
               Row        Col1        Col2        Col3        Col4

                 1      0.8953      0.6413      0.6976      0.6327
                 2      0.6413      1.0611      0.8645      0.8028
                 3      0.6976      0.8645      1.3437      0.9761
                 4      0.6327      0.8028      0.9761      1.2867


                     Estimated V Correlation Matrix for id 8
 
               Row        Col1        Col2        Col3        Col4

                 1      1.0000      0.6580      0.6360      0.5895
                 2      0.6580      1.0000      0.7240      0.6871
                 3      0.6360      0.7240      1.0000      0.7423
                 4      0.5895      0.6871      0.7423      1.0000


                         Covariance Parameter Estimates
 
                   Cov Parm     Subject    Group     Estimate

                   UN(1,1)      id                     0.5861
                   UN(2,1)      id                   0.007157
                   UN(2,2)      id                   0.000930
                   UN(3,1)      id                   -0.01216
                   UN(3,2)      id                   -0.00093
                   UN(3,3)      id                   0.001252
                   Residual     id         dual 0      0.3092
                      COMMON D, DIFFERENT DIAGONAL WITHIN                     15

                              The Mixed Procedure

                         Covariance Parameter Estimates
 
                   Cov Parm     Subject    Group     Estimate

                   Residual     id         dual 1      0.2957


                                Fit Statistics

                     -2 Log Likelihood             11887.6
                     AIC (Smaller is Better)       11913.6
                     AICC (Smaller is Better)      11913.7
                     BIC (Smaller is Better)       11980.9


                        Null Model Likelihood Ratio Test
 
                          DF    Chi-Square      Pr > ChiSq

                           7       3048.36          <.0001


